{
  "nbformat": 4,
  "nbformat_minor": 0,
  "metadata": {
    "colab": {
      "name": "EP Numérico 1.ipynb",
      "provenance": [],
      "collapsed_sections": [],
      "include_colab_link": true
    },
    "kernelspec": {
      "name": "python3",
      "display_name": "Python 3"
    },
    "language_info": {
      "name": "python"
    }
  },
  "cells": [
    {
      "cell_type": "markdown",
      "metadata": {
        "id": "view-in-github",
        "colab_type": "text"
      },
      "source": [
        "<a href=\"https://colab.research.google.com/github/kenzou-eu/Asiatique/blob/main/EP_Num%C3%A9rico_1.ipynb\" target=\"_parent\"><img src=\"https://colab.research.google.com/assets/colab-badge.svg\" alt=\"Open In Colab\"/></a>"
      ]
    },
    {
      "cell_type": "markdown",
      "metadata": {
        "id": "z4xdSvfplXbv"
      },
      "source": [
        "### Início do programa\n"
      ]
    },
    {
      "cell_type": "code",
      "metadata": {
        "id": "SmhKSGWX-_QO"
      },
      "source": [
        "import matplotlib.pyplot as plt\n",
        "import numpy as np\n",
        "import math\n",
        "pi = math.pi"
      ],
      "execution_count": 1,
      "outputs": []
    },
    {
      "cell_type": "code",
      "metadata": {
        "id": "RBKzjHNfAfxq"
      },
      "source": [
        "def ck(a, b, k):\n",
        "    dividend = a[k]\n",
        "    divisor = math.sqrt(pow(a[k], 2) + pow(b[k], 2))\n",
        "    c = dividend/divisor\n",
        "    return c\n",
        "\n",
        "def sk(a, b, k):\n",
        "    dividend = -b[k]\n",
        "    divisor = math.sqrt(pow(a[k], 2) + pow(b[k], 2))\n",
        "    s = (dividend/divisor)\n",
        "    return s\n",
        "\n",
        "def sgn(d):\n",
        "    if d >=0:\n",
        "        return 1\n",
        "    else:\n",
        "        return -1\n",
        "\n",
        "def dk(alfa, n): #alfa(i,k) é o coeficiente i da diagonal principal da matriz A na interação k, beta é da outra diagonal\n",
        "    valuedk = (alfa[n-1] - alfa[n])/2\n",
        "    return valuedk\n",
        "\n",
        "def uk(alfa, beta, d, n, k, desloc): #Heurística de wilkinson\n",
        "    if k!= 0 and desloc == 1:\n",
        "      valueuk = alfa[n] + dk(alfa, n) - sgn(d)*(math.sqrt(pow(dk(alfa,n), 2) + pow(beta[n-1],2)))\n",
        "      return valueuk\n",
        "    if k==0 or desloc == 0:\n",
        "      return 0\n",
        "\n",
        "def matA(n): #A é a matriz da diagonal principal\n",
        "    A = []\n",
        "    for i in range(n):\n",
        "        if i==0:\n",
        "            a=float(input('Digite o primeiro elemento da diagonal principal:'))\n",
        "            A.append(a)\n",
        "        else:\n",
        "            a=float(input('Digite o próximo elemento da diagonal principal:'))\n",
        "            A.append(a)\n",
        "    return A\n",
        "\n",
        "def matB(n): #B é a matriz da sub-diagonal \n",
        "    B = []\n",
        "    for i in range(n-1):\n",
        "        if i==0:\n",
        "            b=float(input('Digite o primeiro elemento da sub-diagonal: '))\n",
        "            B.append(b)\n",
        "        else:\n",
        "            b=float(input('Digite o próximo elemento da sub-diagonal: '))\n",
        "            B.append(b)\n",
        "    return B\n",
        "\n",
        "def v(n):\n",
        "    v0=[]\n",
        "    for i in range(n):\n",
        "        v0.append(0)\n",
        "    return(v0)\n",
        "\n",
        "def handleV(n):\n",
        "  V=[]\n",
        "  for i in range(n):\n",
        "      V.append(v(n))\n",
        "  for i in range(n):\n",
        "      V[i][i]=1\n",
        "  return V\n",
        "\n"
      ],
      "execution_count": 2,
      "outputs": []
    },
    {
      "cell_type": "code",
      "metadata": {
        "id": "LZ13tOsJAfmN"
      },
      "source": [
        "def metodoQR(n, A, B, V, erro, desloc):\n",
        "    n0=n\n",
        "    A0=[]\n",
        "    B0=[]\n",
        "    k = 0\n",
        "    for i in range(n0-2,-1,-1):\n",
        "        while abs(B[i]) > erro:\n",
        "            cos = []\n",
        "            sen = []\n",
        "            C=[]\n",
        "            for j in range(n-1):\n",
        "                C.append(B[j])\n",
        "            valueDK = dk(A, n-1)\n",
        "            valueUK = uk(A, B, valueDK, n-1, k, desloc)\n",
        "            for j in range(n):\n",
        "                A[j] = A[j] - valueUK\n",
        "            for q in range(n-1):\n",
        "                if q != (n-2):\n",
        "                    cos.append(ck(A,B,q))\n",
        "                    sen.append(sk(A,B,q))\n",
        "                    A.insert(q+1,(cos[q]*A[q]-sen[q]*B[q]))\n",
        "                    A.pop(q)\n",
        "                    A.insert(q+2,(sen[q]*C[q]+cos[q]*A[q+1]))\n",
        "                    C.insert(q+1,(cos[q]*C[q]-sen[q]*A[q+1]))\n",
        "                    A.pop(q+1)\n",
        "                    C.pop(q)\n",
        "                    C.insert(q+2,(cos[q]*C[q+1]))\n",
        "                    C.pop(q+1)\n",
        "                if q == (n-2):\n",
        "                    cos.append(ck(A,B,q))\n",
        "                    sen.append(sk(A,B,q)) \n",
        "                    A.insert(q+1,(cos[q]*A[q]-sen[q]*B[q]))\n",
        "                    A.pop(q)\n",
        "                    A.insert(q+2,(sen[q]*C[q]+cos[q]*A[q+1]))\n",
        "                    C.insert(q+1,(cos[q]*C[q]-sen[q]*A[q+1]))\n",
        "                    A.pop(q+1)\n",
        "                    C.pop(q)\n",
        "            for q in range(n-1):\n",
        "                A.insert(q+1,(cos[q]*A[q]-sen[q]*C[q]))\n",
        "                A.pop(q)\n",
        "                A.insert(q+2,(cos[q]*A[q+1]))\n",
        "                B.insert(q+1,(-sen[q]*A[q+1]))\n",
        "                A.pop(q+1)\n",
        "                B.pop(q)\n",
        "                for m in range(n0):\n",
        "                    V[m].insert(q+1,(cos[q]*V[m][q]-sen[q]*V[m][q+1]))\n",
        "                    V[m].insert(q+3,(sen[q]*V[m][q]+cos[q]*V[m][q+2]))\n",
        "                    V[m].pop(q)\n",
        "                    V[m].pop(q+1)\n",
        "            for j in range(n):\n",
        "                A[j] = A[j] + valueUK\n",
        "            k = k+1\n",
        "        if i!=0:                    ##Processo de \n",
        "            A0.insert(0,A[n-1])      ## redução das matrizes\n",
        "            B0.insert(0,B[n-2])\n",
        "            A.pop(n-1)\n",
        "            B.pop(n-2)\n",
        "            n=n-1\n",
        "        if i==0:\n",
        "            A0.insert(0,A[n-1])\n",
        "            A0.insert(0,A[n-2])\n",
        "            B0.insert(0,B[n-2])\n",
        "    A=A0\n",
        "    B=B0\n",
        "    return A, B, V, k"
      ],
      "execution_count": 3,
      "outputs": []
    },
    {
      "cell_type": "markdown",
      "metadata": {
        "id": "VF6k6d1qSEp2"
      },
      "source": [
        "# **Teste A**"
      ]
    },
    {
      "cell_type": "code",
      "metadata": {
        "colab": {
          "base_uri": "https://localhost:8080/"
        },
        "id": "HD5OebajAfXU",
        "outputId": "e64216c9-5969-43b7-aaa1-00fd2b62217e"
      },
      "source": [
        "def ExA()\n",
        "  desloc = int(input(\"Deseja realizar o QR com deslocamento? Se sim, digite 1, se não, digite 0. \"))\n",
        "  n = int(input(\"Qual a ordem da Matriz? \")) #tamanho da matriz\n",
        "  # A = matA(n) #cria um vetor com os elementos da diagonal principal\n",
        "  # B = matB(n) #cria um vetor com os elementos da sub-diagonal \n",
        "  # erro = float(input(\"Qual o valor do erro? Digite na forma 1.0e-6 \"))\n",
        "\n",
        "  A = []\n",
        "  for i in range(n):\n",
        "    A.append(2)\n",
        "  B = []\n",
        "  for i in range(n-1):\n",
        "    B.append(-1)\n",
        "  erro = float(1.0e-6)\n",
        "\n",
        "  V = handleV(n)\n",
        "\n",
        "  A, B, V, k = metodoQR(n, A, B, V, erro, desloc)\n",
        "  print('A =',A)\n",
        "  print('V =')\n",
        "  for i in range(n):\n",
        "      print(V[i])\n",
        "  print(\"O numero de interações foi: \", k)\n",
        "\n",
        "ExA()\n",
        "\n",
        "#Pegar o autovetor associado com o maior e menor autovalor e plotar ele\n"
      ],
      "execution_count": 90,
      "outputs": [
        {
          "output_type": "stream",
          "text": [
            "Deseja realizar o QR com deslocamento? Se sim, digite 1, se não, digite 0. 1\n",
            "Qual a ordem da Matriz? 32\n",
            "A = [3.9909438451461674, 3.9638573945254127, 3.918985947228993, 3.856735866032144, 3.777670897309847, 3.6825070656623606, 3.5721061894855732, 3.447468076210138, 3.3097214678905678, 3.160113819142354, 2.9999999999943037, 2.830830026009507, 2.654135926634842, 2.471517871018854, 2.28462967654657, 2.095163831647464, 1.9048361683489392, 1.7153703234570274, 1.5284821289811452, 1.345864073365156, 1.169169973996198, 0.9999999999951394, 0.8398861808624926, 0.6902785321094295, 0.5525319237898597, 0.42789381051442466, 0.3174929343376345, 0.22232910269006328, 0.14326413395848137, 0.08101405277970251, 0.009056154854600127, 0.036142605474586684]\n",
            "V =\n",
            "[0.023401180192361922, 0.04659043567964121, 0.06935776095031485, 0.09149697163381094, 0.11280757148887186, 0.13309656873018574, 0.15218022214611382, 0.1698857105399216, 0.18605267431525568, 0.2005348159466186, 0.21319941713109675, 0.2239370901206797, 0.2326431193273154, 0.23924347068576385, 0.24367718828181628, 0.24590419684086723, 0.24590308149746562, 0.2436782102662622, 0.2392434707151794, 0.23264311338136176, 0.22393597618193836, 0.21319961153024578, 0.20053585167290894, 0.1860526839812831, 0.16988570837496594, 0.1521802242105713, 0.1330965608225499, 0.1128076265896416, 0.09149612256514987, 0.06935872952065572, 0.02340139950063548, -0.04659043580846278]\n",
            "[-0.0465904356748398, -0.09149697161951473, -0.13309656860339655, -0.16988570884803372, -0.20053473687235243, -0.22393591720121023, -0.23924346945469574, -0.2459041415579456, -0.24367718626675153, -0.23264318516803914, -0.21319963693406663, -0.18605384745083645, -0.15218022260260064, -0.11280757127773766, -0.06935776263095035, -0.023401164065106703, 0.0234008789092692, 0.06935786651698939, 0.1128075726002327, 0.15218021545317734, 0.18605275235974675, 0.2131994346520016, 0.23264424338189563, 0.2436771944619669, 0.24590413926092866, 0.23924347297344273, 0.22393590215999093, 0.20053484254995468, 0.16988407966156674, 0.13309836192757377, 0.04659085690469691, -0.09149697187889538]\n",
            "[0.06935776095851344, 0.1330965686086876, 0.18605268383091508, 0.2239359170960479, 0.243677194182046, 0.24367719413154998, 0.22393591722730258, 0.18605268329979427, 0.133096571557051, 0.06935773647587914, 4.0240374489609625e-07, -0.06935778092990232, -0.1330965684468698, -0.1860526846508379, -0.22393591168781213, -0.24367724628820667, -0.24367622123876315, -0.223936923945496, -0.1860526835164744, -0.13309657071389824, -0.06935774055165778, -3.820597567604673e-07, 0.06935777786796866, 0.133096569019371, 0.18605268259839436, 0.2239359215476342, 0.2436771732881813, 0.2436773418098205, 0.22393364008378727, 0.18605503394743428, 0.06935835069688906, -0.1330965689971926]\n",
            "[-0.09149697161812259, -0.16988570882985018, -0.22393591710979488, -0.24590414012244463, -0.23264311955074418, -0.18605268369769118, -0.11280757197302485, -0.023401178338183677, 0.06935775060851669, 0.15218030855255993, 0.2131993026171854, 0.24367838034704462, 0.23924346988782177, 0.20053473642061204, 0.1330965718229222, 0.0465904047118279, -0.046589857458635045, -0.133096779104693, -0.20053473762075394, -0.23924346512176178, -0.2436772390500446, -0.21319987783405503, -0.1521813320592543, -0.06935776046532388, 0.023401178713912656, 0.11280757688055852, 0.1860526587067032, 0.23264329714284226, 0.24590140017933118, 0.22393846862227867, 0.09149768303985908, -0.16988570933918967]\n",
            "[0.1128075715322502, 0.20053473690547347, 0.24367719417341013, 0.23264311949439803, 0.16988570885886048, 0.0693577608867797, -0.04659043543510866, -0.152180223565376, -0.22393591144944838, -0.24590418711258424, -0.21319994417567817, -0.13309772716625487, -0.02340118033073437, 0.0914969723025932, 0.1860526793247604, 0.23924351310930597, 0.23924266140509964, 0.1860536719579394, 0.09149697046946254, -0.023401172657599306, -0.13309664111186453, -0.21319936145495688, -0.24590527676261245, -0.22393591656560666, -0.1521802241615439, -0.04659042985930693, 0.06935773363895713, 0.16988590202520268, 0.23264013914155382, 0.2436795530895087, 0.11280834806672478, -0.20053473752222617]\n",
            "[-0.13309656860894264, -0.22393591710349753, -0.24367719416432437, -0.18605268383868442, -0.06935776093294459, 0.06935776088678638, 0.1860526840694541, 0.2436771931558361, 0.2239359227532793, 0.1330965216392266, 7.721756349396216e-07, -0.13309660759657974, -0.22393591723799433, -0.24367719348360953, -0.1860526883300754, -0.06935771764775525, 0.06935695259769714, 0.18605299768456368, 0.2436771935429965, 0.2239359211897615, 0.1330965293494141, 7.333832480261774e-07, -0.13309660216194127, -0.22393591656621412, -0.24367719577631378, -0.18605267801790698, -0.069357788250598, 0.06935795398627634, 0.18604970521487857, 0.2436789823216111, 0.13309734837817017, -0.22393591781506833]\n",
            "[0.15218022255075447, 0.23924346979573424, 0.2239359170929671, 0.11280757155014282, -0.046590435722225175, -0.18605268369770564, -0.2459041405828052, -0.20053473505195898, -0.06935777130757617, 0.09149705761670696, 0.21319930261743547, 0.2436783969978069, 0.16988570893042898, 0.02340117970515855, -0.1330965653919006, -0.23264315048393144, -0.23264254123230624, -0.13309752850137496, 0.02340118060649312, 0.1698857060560659, 0.24367722109349627, 0.2132002123293882, 0.0914980792552397, -0.06935776046714079, -0.20053473838218044, -0.24590413481030635, -0.1860527088708867, -0.046590258525770395, 0.11280483680080873, 0.22393682485104172, 0.1521809432402593, -0.23924347059340695]\n",
            "[-0.16988570883330575, -0.24590414014230838, -0.18605268382611928, -0.023401180199152712, 0.15218022256551636, 0.2436771941315486, 0.20053473703350025, 0.0465904351472802, -0.13309656566243666, -0.23924349427491826, -0.21320031394754516, -0.06935891923412772, 0.11280757169478682, 0.23264311868106405, 0.22393592251824715, 0.09149691948717112, -0.09149599865134206, -0.2239363314789055, -0.23264311840755142, -0.11280757882794722, 0.06935783142557539, 0.21319939830604323, 0.23924462127137613, 0.13309656901636177, -0.046590436897395685, -0.20053473249158615, -0.24367721491797364, -0.15218007571919337, 0.023398911839290656, 0.1860525138669844, 0.16988631262008336, -0.24590414101911678]\n",
            "[0.18605268382971835, 0.24367719416591274, 0.1330965686161719, -0.06935776097234742, -0.22393591706617214, -0.22393591720120953, -0.06935776062094709, 0.13309656719304747, 0.24367720207093016, 0.18605261816590923, 1.0794170797555534e-06, -0.18605274018110335, -0.2436771942192626, -0.13309656835580588, 0.0693577592842565, 0.2239359332333015, 0.22393561580463545, 0.06935868361005357, -0.1330965677561262, -0.24367719984420005, -0.18605262902641578, -1.0250103812366921e-06, 0.18605273173273096, 0.24367719445779332, 0.13309656774168774, -0.06935775781840563, -0.22393593186029423, -0.22393581257839149, -0.06935937811782199, 0.13309526480643427, 0.18605312198341975, -0.24367719511155891]\n",
            "[-0.20053473690902202, -0.23264311950095926, -0.06935776096580186, 0.15218022256961466, 0.24590414009865746, 0.13309656873018827, -0.09149697202276821, -0.23924346808563218, -0.1860526933418287, 0.023401259232945986, 0.21319941713132223, 0.22393713952487423, 0.04659043549818901, -0.16988570793826913, -0.24367720006024596, -0.11280751481840494, 0.1128065128407774, 0.2436777052860391, 0.16988570872261832, -0.04659043495513218, -0.22393592400890244, -0.21320058739908504, -0.023402290908396524, 0.1860526839759833, 0.2392434693484687, 0.09149697322149515, -0.133096576165361, -0.24590408650271794, -0.1521810563552884, 0.06935541816298083, 0.20053497370284445, -0.23264312050081531]\n",
            "[0.21320071635560223, 0.21320071635561585, -9.355082491004432e-15, -0.21320071635561555, -0.21320071635560933, 9.057037007854062e-15, 0.2132007163556042, 0.21320071635561222, 4.052408907571914e-14, -0.2132007163564438, -0.2132007163516727, -1.1629435538711846e-06, 0.21320071635503615, 0.21320071635707272, -4.089634251822023e-12, -0.2132007163431198, -0.2132007163995424, -8.770992468033062e-07, 0.2132007153707404, 0.21320072287151987, -6.282399505689051e-08, -0.21319954172341696, -0.21320188541455914, -6.376416440619396e-12, 0.2132007163741883, 0.21320071629151244, 2.7868504200128763e-10, -0.21320071806179383, -0.2132006980135767, -3.146791217946074e-06, 0.21320073197595713, -0.21320071739496368]\n",
            "[-0.22393591709991933, -0.18605268383213047, 0.06935776096581661, 0.2436771941516085, 0.1330965686523132, -0.133096568730191, -0.24367719376265648, -0.06935776266421607, 0.1860526933417323, 0.223935838063203, 1.2992200399703607e-06, -0.22393598810381682, -0.18605268365133748, 0.069357760064267, 0.2436772000554878, 0.13309651191171157, -0.13309550997250633, -0.24367779765693176, -0.06935776198937163, 0.18605269066659552, 0.2239358511264515, 1.2337490910690375e-06, -0.22393597720487116, -0.1860526839886777, 0.06935776143839507, 0.24367719243631522, 0.1330965767201443, -0.133096625644188, -0.24367632385128424, -0.06936136690343186, 0.22393570932027362, -0.18605268490141955]\n",
            "[0.23264311950334796, 0.15218022255530375, -0.13309656861618518, -0.23924346977754551, -0.023401180229022205, 0.2239359172012101, 0.16988570849664478, -0.11280757011466373, -0.2436772020709817, -0.046590370012571575, 0.21319963693472194, 0.18605392788693045, -0.09149697156575419, -0.24590414039615704, -0.06935775928157088, 0.2005347207679778, 0.20053503823020302, -0.06935693720524083, -0.24590414035024988, -0.09149697020419853, 0.18605267012341994, 0.2132009729929112, -0.046589317508474115, -0.24367719447031222, -0.11280757062682666, 0.16988570556826543, 0.223935932407348, -0.02340128806370234, -0.23924181662362293, -0.13310022494869325, 0.2326427039817005, -0.15218022365025136]\n",
            "[-0.23924346979225208, -0.11280757153029436, 0.18605268382613713, 0.20053473691291004, -0.0914969716297149, -0.24367719413156494, -0.02340118031971806, 0.23264312003325371, 0.13309656566264078, -0.1698856843525436, -0.21320111875538242, 0.06935658797220468, 0.24590413997893704, 0.04659043649666914, -0.22393592251028566, -0.15218017044773782, 0.15217924967538382, 0.2239366080964037, -0.046590434882552205, -0.2459041453495792, -0.06935771086520036, 0.21319978029809877, 0.16988689692372017, -0.1330965690285909, -0.2326431182475698, 0.023401175654926918, 0.24367721545224758, 0.09149682151728979, -0.20053243338141447, -0.18605597340086225, 0.23924287895456692, -0.11280757264683723]\n",
            "[0.24367719417044503, 0.06935776095415186, -0.22393591709297814, -0.13309656862854016, 0.18605268387472096, 0.1860526836976935, -0.13309656816816035, -0.22393591895701728, 0.06935777130756283, 0.24367710816948926, 1.4137340528969664e-06, -0.24367727579461987, -0.06935776105380444, 0.2239359175876876, 0.13309656539849335, -0.18605265287038977, -0.18605326202367078, 0.1330958057386688, 0.22393591823750497, -0.06935776842493237, -0.2436771223261505, -1.3426221427547416e-06, 0.24367726315618526, 0.0693577604553129, -0.22393591559232287, -0.13309657405952782, 0.1860527093874797, 0.18605250352334615, -0.13309379986506822, -0.22393847198048536, 0.2436764747496863, -0.06935776208441602]\n",
            "[-0.2459041401420318, -0.023401180191714305, 0.24367719416433783, 0.0465904356861951, -0.2392434698169315, -0.06935776088678258, 0.2326431192636258, 0.09149697262959056, -0.22393592275335633, -0.11280752455993755, 0.21319994417633453, 0.1330978355216619, -0.2005347367710018, -0.15218022323748356, 0.18605268832973368, 0.1698856655244226, -0.16988490047685417, -0.18605345666252016, 0.15218022308471527, 0.20053473343888575, -0.1330965353277476, -0.2132013379552174, 0.1128064416287985, 0.22393591655489506, -0.09149696997613067, -0.23264312542889973, 0.06935778874481235, 0.2392432737485664, -0.04658742451331938, -0.2436787474641218, 0.2459033495494124, -0.02340118132517156]\n",
            "[0.24590414014033884, -0.023401180191706825, -0.24367719417342296, 0.0465904356861975, 0.2392434697667019, -0.06935776088677759, -0.23264311974549207, 0.0914969726295814, 0.22393591144954275, -0.1128075245616949, -0.2132014885277727, 0.13309537992748458, 0.20053473704352126, -0.15218022323591165, -0.18605267933174435, 0.1698856655388138, 0.16988651713853212, -0.18605198900417713, -0.15218022306231263, 0.2005347403344352, 0.13309653540983604, -0.2132000949282792, -0.11280877853082683, 0.22393591655489842, 0.09149697325693831, -0.23264312542885862, -0.06935773317156904, 0.23924327375188503, 0.04659344683128862, -0.2436776186531628, 0.24590334194158378, 0.023401179062972618]\n",
            "[-0.24367719416729336, 0.0693577609541469, 0.22393591710980143, -0.13309656862853345, -0.18605268378233702, 0.1860526836977056, 0.1330965690513947, -0.2239359189569769, -0.069357750608629, 0.24367710816962546, 1.4137337701850665e-06, -0.24367728126169622, 0.0693577608609867, 0.22393591759107578, -0.13309657183059928, -0.18605265284004263, 0.1860521055242271, 0.1330974165006284, -0.2239359182168822, -0.06935775352976288, 0.2436771224029243, 1.3424576579393692e-06, -0.24367726678944307, 0.06935776045532265, 0.22393591861041937, -0.13309657405941006, -0.1860526582703018, 0.18605250353282313, 0.13309933733320303, -0.22393524493773986, 0.2436764530141678, 0.06935775983317503]\n",
            "[0.23924346979137098, -0.1128075715302854, -0.1860526838309215, 0.20053473691291013, 0.09149697160336015, -0.2436771941315506, 0.023401180067893598, 0.232643120033304, -0.13309657155714877, -0.16988568435064091, 0.213200313948442, 0.06935905062728127, -0.24590414030437083, 0.04659043649901881, 0.22393591168594285, -0.15218017042773074, -0.15218119550002732, 0.22393529656376387, 0.04659043489974619, -0.24590413496504182, 0.06935771093052061, 0.21320165226958973, -0.16988456198598959, -0.13309656902857636, 0.23264312076149885, 0.02340117565510609, -0.24367717288660895, 0.09149682153156008, 0.20053704040162265, -0.18605110412827777, 0.239242846205962, 0.112807570418179]\n",
            "[-0.23264311950575786, 0.15218022255529454, 0.13309656860340344, -0.23924346977754055, 0.023401180158610115, 0.22393591720120143, -0.16988570917085571, -0.11280757011469521, 0.24367718626694168, -0.046590370014415246, -0.21320179576920875, 0.18605147413487252, 0.09149697166758244, -0.24590414039681133, 0.06935776263642382, 0.20053472076150652, -0.2005344355609499, -0.06935867631463727, 0.24590414036263478, -0.09149697305212355, -0.18605267007601684, 0.21320045961317863, 0.046591661302121445, -0.2436771944702951, 0.1128075724359208, 0.16988570556848326, -0.223935901796751, -0.023401288046691178, 0.2392451229216831, -0.1330944025512031, 0.23264266493281802, 0.1521802214570671]\n",
            "[0.22393591710284882, -0.18605268383212234, -0.06935776095031478, 0.2436771941515953, -0.13309656856725724, -0.1330965687301986, 0.24367719457511233, -0.06935776266425181, -0.18605267431525238, 0.22393583806309503, 1.2992202361968694e-06, -0.2239360030783978, 0.18605268400693098, 0.06935776006116626, -0.24367718827361196, 0.13309651188506505, 0.13309762734160185, -0.2436766530678542, 0.06935776199595463, 0.1860526769781455, -0.22393585110197112, -1.2338015071788269e-06, 0.22393598827531672, -0.18605268398866034, -0.0693577604777856, 0.24367719243654232, -0.133096560500792, -0.13309662562687527, 0.24367806444732293, -0.06935541734392199, 0.22393566963061348, 0.18605268275833906]\n",
            "[-0.2132007163556185, 0.21320071635560323, 4.573439202218768e-15, -0.21320071635560933, 0.2132007163556179, -6.572111697087171e-15, -0.21320071635560242, 0.21320071635560447, -5.936529259576709e-14, -0.21320071635475693, 0.2132007163526019, 1.3102125004538917e-06, -0.21320071635502133, 0.21320071635412385, 4.116734685145917e-12, -0.2132007163681463, 0.21320071640006513, 9.747749439639741e-07, -0.21320071537047497, 0.21320070983928946, 6.2823654726247e-08, -0.21320189098345818, 0.21319954916870731, -6.361436526363141e-12, -0.21320071633708193, 0.21320071629171725, 2.77488181843038e-10, -0.21320071804665205, 0.213200734663138, 2.082989000593699e-06, 0.21320069746302123, 0.21320071531864573]\n",
            "[0.20053473690612494, -0.23264311950094752, 0.06935776095031168, 0.15218022256960134, -0.24590414018372295, 0.13309656873018944, 0.09149697121031848, -0.23924346808566158, 0.18605267431538497, 0.023401259231118077, -0.21320201557264795, 0.22393468172438766, -0.04659043585374921, -0.16988570793859703, 0.24367718827844453, -0.11280751482171077, -0.11280863020972758, 0.24367673672642087, -0.16988570872866096, -0.04659043638555272, 0.22393592398509446, -0.21320084525752572, 0.02339993911382832, 0.18605268397599437, -0.23924347023520157, 0.09149697322164851, 0.1330965610533496, -0.24590408649189507, 0.15217938872420042, 0.06935917986129288, 0.20053494952158016, 0.23264311851002306]\n",
            "[-0.1860526838273375, 0.24367719416590122, -0.1330965686033983, -0.06935776097233119, 0.22393591713659428, -0.22393591720119915, 0.06935776129516151, 0.1330965671930768, -0.24367718626686913, 0.18605261816602756, 1.0794168142132554e-06, -0.1860527605562124, 0.24367719411746994, -0.1330965683532343, -0.06935776263901748, 0.22393593325499012, -0.22393621847456077, 0.06935673511582507, 0.13309656774429837, -0.24367718847142478, 0.1860526289823776, 1.0251047469970338e-06, -0.18605274669824187, 0.24367719445779865, -0.13309656947790954, -0.06935775781832645, 0.2239359023420598, -0.2239358125734038, 0.06935614378572079, 0.13309701551100916, 0.18605311188546744, 0.2436771932269985]\n",
            "[0.16988570883421217, -0.24590414014229356, 0.18605268383091425, -0.023401180199156803, -0.1521802225391615, 0.24367719413156036, -0.20053473678166914, 0.046590435147343505, 0.13309657155691182, -0.23924349427299896, 0.2132011187562739, -0.06935643484531057, -0.11280757136932384, 0.23264311868438403, -0.22393591169383714, 0.09149691951660066, 0.09149794447628636, -0.22393554697503515, 0.23264311839091786, -0.11280756420381582, -0.06935783148622332, 0.21320203453156633, -0.23924227960994904, 0.13309656901636105, 0.046590434454674444, -0.2005347324915933, 0.2436771734198618, -0.15218007572071324, -0.02340344854691723, 0.18605199485697055, 0.1698863183966174, 0.24590413926303867]\n",
            "[-0.15218022255392447, 0.23924346979572242, -0.22393591710979804, 0.1128075715501501, 0.04659043562984093, -0.18605268369769737, 0.24590413969957375, -0.20053473505196992, 0.06935775060868492, 0.09149705761495074, -0.213202130086689, 0.24367592993025103, -0.16988570873758224, 0.023401179706437455, 0.1330965718240555, -0.23264315047188283, 0.23264369773277038, -0.13309550067916256, -0.02340118062658335, 0.16988571164894953, -0.24367722116702972, 0.21320122053585153, -0.09149572025505415, -0.06935776046714763, 0.20053473543298309, -0.24590413481039844, 0.18605265878673832, -0.046590258533534525, -0.11281030624717833, 0.22393410095015415, 0.15218096443051513, 0.23924346898899132]\n",
            "[0.1330965686106472, -0.2239359171034859, 0.24367719417341885, -0.18605268383868748, 0.06935776098318341, 0.06935776088677352, -0.1860526835875812, 0.24367719315581382, -0.22393591144945604, 0.13309652163917085, 7.721757185211872e-07, -0.13309662724983284, 0.22393591696550613, -0.24367719348545547, 0.18605267933215774, -0.06935771766420482, -0.06935856925940814, 0.1860524040960478, -0.24367719356491782, 0.22393591305401622, -0.13309652943105738, -7.332082732862428e-07, 0.13309661576599285, -0.2239359165662259, 0.24367719256147313, -0.18605267801807024, 0.06935773366650884, 0.06935795397341969, -0.18605566241646396, 0.24367443556576593, 0.13309738229225498, 0.2239359163856307]\n",
            "[-0.1128075715305606, 0.2005347369054584, -0.24367719416432992, 0.2326431194943883, -0.1698857088086389, 0.06935776088677253, 0.04659043591697703, -0.15218022356538766, 0.22393592275323204, -0.24590418711093168, 0.21320148852869392, -0.13309523420592032, 0.023401180058243622, 0.09149697229917109, -0.1860526883226697, 0.23924351307848213, -0.23924427806744955, 0.18605158373430097, -0.09149697049142558, -0.023401187688872248, 0.13309664102878188, -0.21320207107465072, 0.2459029260291399, -0.22393591656562167, 0.15218022094317457, -0.04659042985951678, -0.06935778827592552, 0.16988590200912468, -0.2326460998349575, 0.24367383074631613, 0.1128083901295981, 0.20053473629029753]\n",
            "[0.0914969716149666, -0.1698857088298382, 0.22393591709297714, -0.24590414012244075, 0.23264311945837426, -0.1860526836977046, 0.11280757108979587, -0.02340117833823468, -0.06935777130740271, 0.15218030855068157, -0.21320213008671174, 0.24367590111713425, -0.23924346969498098, 0.20053473641850028, -0.13309656539076664, 0.04659040469354152, 0.046591013958503, -0.13309638135132332, 0.20053473760055376, -0.23924347442400715, 0.2436772389735335, -0.21320155470965266, 0.15217896756567303, -0.06935776046534045, -0.02340118167366492, 0.11280757688033395, -0.18605270894902332, 0.2326432971258611, -0.24590688006843184, 0.22393239209665333, 0.09149772741822977, 0.16988570832553404]\n",
            "[-0.06935776095762014, 0.1330965686086756, -0.1860526838261324, 0.22393591709604183, -0.24367719415570246, 0.24367719413155606, -0.2239359169754759, 0.1860526832998067, -0.13309656566254768, 0.0693577364759259, 4.0240363269146116e-07, -0.06935779315414307, 0.1330965687723275, -0.18605268464986358, 0.2239359225121932, -0.2436772462788039, 0.24367816706434595, -0.223934795434403, 0.1860526834996956, -0.1330965664742926, 0.06935774048917843, 3.8219363218942124e-07, -0.06935778675544509, 0.13309656901935574, -0.18605268505860292, 0.223935921547428, -0.2436772150483599, 0.24367734179437156, -0.22393819408742868, 0.186049480948068, 0.06935839112790687, 0.13309656821983706]\n",
            "[0.04659043567723369, -0.09149697161950282, 0.13309656861617977, -0.16988570884802243, 0.20053473694277857, -0.22393591720119688, 0.23924347012891098, -0.24590414155788354, 0.24367720207076815, -0.23264318516612958, 0.21320179576979081, -0.1860513519455199, 0.1521802225007971, -0.11280757127451001, 0.06935775927615526, -0.023401164036953276, -0.023401481578753307, 0.069357667201174, -0.11280757261222543, 0.15218022967384653, -0.18605275240311503, 0.21320199814858767, -0.2326418849232475, 0.24367719446195527, -0.24590414102141467, 0.2392434729732861, -0.2239359320418643, 0.20053484253824455, -0.1698873379820087, 0.13309413860612135, 0.04659088761073037, 0.09149697135224287]\n",
            "[-0.0234011801952737, 0.046590435679637415, -0.0693577609658135, 0.0914969716338114, -0.11280757157393595, 0.13309656873019565, -0.15218022295856692, 0.1698857105399268, -0.18605269334168603, 0.20053481594493805, -0.213202015573215, 0.22393459986512743, -0.2326431196828921, 0.23924347068853216, -0.2436772000636363, 0.24590419686422918, -0.24590519886722323, 0.24367606176741935, -0.23924347072142343, 0.23264312563935352, -0.22393597620390104, 0.21320182122447992, -0.20053348783353236, 0.18605268398127653, -0.16988570929252242, 0.15218022421048652, -0.13309657639653483, 0.112807626583338, -0.09149782065504576, 0.06935645141245142, 0.023401416053974222, 0.04659043554255707]\n",
            "O numero de interações foi:  59\n"
          ],
          "name": "stdout"
        }
      ]
    },
    {
      "cell_type": "code",
      "metadata": {
        "colab": {
          "base_uri": "https://localhost:8080/",
          "height": 137
        },
        "id": "462xzFqwXugQ",
        "outputId": "c7401933-ef62-40c0-faf6-fc5b9d83d45f"
      },
      "source": [
        "def autovalores(n):\n",
        "  A = []\n",
        "  for i in range(n):\n",
        "    a = 2*(1-math.cos(((i+1)*pi)/(n+1)))\n",
        "    A.insert(0,a)\n",
        "  return A\n",
        "\n",
        "def autovetores(n):\n",
        "  V = []\n",
        "  a = 0\n",
        "  for i in range(n):\n",
        "    vector = []\n",
        "    for j in range(n):\n",
        "      v = math.sin(((j+1)*(i+1)*pi)/(n+1))\n",
        "      vector.insert(0, v)\n",
        "      a = a + v**2\n",
        "    normalized = vector/np.sqrt(a)\n",
        "    a = 0\n",
        "    V.append(normalized)\n",
        "  return V\n",
        "\n",
        "\n",
        "n = int(input(\"Qual a ordem da Matriz? \")) #tamanho da matriz\n",
        "Vteorico = autovetores(n)\n",
        "Ateorico = autovalores(n)\n",
        "print(\"O A teórico é: \", Ateorico)\n",
        "display(\"O V teórico é: \", Vteorico)"
      ],
      "execution_count": null,
      "outputs": [
        {
          "output_type": "stream",
          "text": [
            "Qual a ordem da Matriz? 4\n",
            "O A teórico é:  [3.618033988749895, 2.618033988749895, 1.381966011250105, 0.3819660112501051]\n"
          ],
          "name": "stdout"
        },
        {
          "output_type": "display_data",
          "data": {
            "application/vnd.google.colaboratory.intrinsic+json": {
              "type": "string"
            },
            "text/plain": [
              "'O V teórico é: '"
            ]
          },
          "metadata": {
            "tags": []
          }
        },
        {
          "output_type": "display_data",
          "data": {
            "text/plain": [
              "[array([0.37174803, 0.60150096, 0.60150096, 0.37174803]),\n",
              " array([-0.60150096, -0.37174803,  0.37174803,  0.60150096]),\n",
              " array([ 0.60150096, -0.37174803, -0.37174803,  0.60150096]),\n",
              " array([-0.37174803,  0.60150096, -0.60150096,  0.37174803])]"
            ]
          },
          "metadata": {
            "tags": []
          }
        }
      ]
    },
    {
      "cell_type": "markdown",
      "metadata": {
        "id": "D67n85qXR-aF"
      },
      "source": [
        "# **Exercício B**"
      ]
    },
    {
      "cell_type": "code",
      "metadata": {
        "colab": {
          "base_uri": "https://localhost:8080/",
          "height": 766
        },
        "id": "Gkt7Ol5rlo0K",
        "outputId": "33f3ddf3-c508-46e1-b3c4-69ff5c7a013f"
      },
      "source": [
        "# Autovetores representam os modos naturais de vibração\n",
        "# Autovalores determinam as frequências\n",
        "\n",
        "def k(i):\n",
        "    ki = (40 + 2*i)\n",
        "    return ki\n",
        "\n",
        "def mainDiag(n,m):\n",
        "    A=[]\n",
        "    for i in range(1,n+1):\n",
        "        a = (k(i) + k(i+1))/m\n",
        "        A.append(a)\n",
        "    return A\n",
        "\n",
        "def subDiag(n,m):\n",
        "    B = []\n",
        "    for i in range(2,n+1):\n",
        "        b = -k(i)/m\n",
        "        B.append(b)\n",
        "    return B\n",
        "\n",
        "# def handle_a(x0, n): #Dado que a velocidade inicial é sempre nula b é sempre zero e a tem o mesmo valor que x0\n",
        "#     mat_a=[]\n",
        "#     for i in range(n):\n",
        "#         value = x0[i]\n",
        "#         mat_a.append(value)\n",
        "#     return mat_a\n",
        "\n",
        "def handley0(x0, V):\n",
        "    Vt = np.transpose(V)\n",
        "    y0 = np.dot(Vt, x0)\n",
        "    return y0\n",
        "\n",
        "def functionY(t, a, n, A, Y):\n",
        "  Y = []\n",
        "  for i in range(n):\n",
        "    y = a[i]*math.cos(math.sqrt(A[i])*t)\n",
        "    Y.append(y)\n",
        "  return Y\n",
        "\n",
        "def functionX(t, a, n, j, A, V, Y):\n",
        "    Y = functionY(t, a, n, A, Y)\n",
        "    X = np.dot(V[j], Y)\n",
        "    return X\n",
        "  \n",
        "def plotGraphs(t, value_a, n, A, V, x0):\n",
        "  eixo_x = np.arange(0, 10.025, 0.025)\n",
        "  # eixo_y = []\n",
        "  # for i in range(t+1):\n",
        "  #   eixo_y.append(i)\n",
        "\n",
        "  for j in range(n):\n",
        "    eixo_y = []\n",
        "    eixo_y.append(x0[j])\n",
        "    Y =[]\n",
        "    for i in range(1, len(eixo_x)):\n",
        "      xi = functionX(eixo_x[i], value_a, n, j, A, V, Y) \n",
        "      eixo_y.append(xi)\n",
        "    plt.plot(eixo_x, eixo_y)\n",
        "    title = \"Deslocamento da massa \" #+ str(j+1)\n",
        "    plt.title(title)\n",
        "    plt.xlabel('Tempo (s)')\n",
        "    plt.ylabel('Deslocamento')\n",
        "    # plt.show()\n",
        "    print(\"A frequência com valor:  \")\n",
        "    print(np.sqrt(A[j]))\n",
        "    print(\"Tem os modos de vibração: \")\n",
        "    print(V[j])\n",
        "    print(\"\")\n",
        "\n",
        "def testeB1(n, t, A, V):\n",
        "  x0 = [-2, -3, -1, -3, -1]\n",
        "  # print(\"A\", A)\n",
        "  # print(\"V\", V)\n",
        "  y0 = handley0(x0, V)\n",
        "  value_a = y0.copy()\n",
        "  plotGraphs(t, value_a, n, A, V, x0) \n",
        "\n",
        "def testeB2(n, t, A, V):\n",
        "  x0 = [1, 10, -4, 3, -2]\n",
        "  # print(\"A\", A)\n",
        "  # print(\"V\", V)\n",
        "  y0 = handley0(x0, V)\n",
        "  value_a = y0.copy()\n",
        "  plotGraphs(t, value_a, n, A, V, x0)\n",
        "\n",
        "def testeB3(n, t, A, V):\n",
        "  index = np.argmax(A)\n",
        "  x0 = V[index]\n",
        "  print(\"O X(0) é: \", x0)\n",
        "  y0 = handley0(x0, V)\n",
        "  value_a = y0.copy()\n",
        "  plotGraphs(t, value_a, n, A, V, x0)\n",
        "\n",
        "def ExB():\n",
        "  n = 5 #Quantidade de massas\n",
        "  m = 2 #Massa das massas\n",
        "  desloc = 1\n",
        "  t = 10 #tempo em segundos\n",
        "  erro = 1.0e-6\n",
        "  V = handleV(n)\n",
        "  A = mainDiag(n,m)\n",
        "  B = subDiag(n,m)\n",
        "  A, B, V, k = metodoQR(n, A, B, V, erro, desloc)\n",
        "  teste = int(input(\"Qual teste você deseja rodar? 1: X(0) = [-2, -3, -3, -3, -1], 2: X(0) = [1, 10, -4, 3, -2], 3: X(0) = modo de maior frequência \"))\n",
        "  if teste == 1:\n",
        "    print(\"Você escolheu o teste com X(0) = [-2, -3, -3, -3, -1]\")\n",
        "    testeB1(n, t, A, V)\n",
        "  elif teste == 2:\n",
        "    print(\"Você escolheu o teste com X(0) = [1, 10, -4, 3, -2]\")\n",
        "    testeB2(n, t, A, V)\n",
        "  elif teste == 3:\n",
        "    print(\"Você escolheu o teste com X(0) = modo de maior frequência\")\n",
        "    testeB3(n, t, A, V)\n",
        "  else:\n",
        "    print(\"Esse valor de teste não é válido, tente novamente: \")\n",
        "    ExB()\n",
        "  \n",
        "\n",
        "ExB()\n",
        "  \n",
        "\n"
      ],
      "execution_count": 100,
      "outputs": [
        {
          "output_type": "stream",
          "text": [
            "Qual teste você deseja rodar? 1: X(0) = [-2, -3, -3, -3, -1], 2: X(0) = [1, 10, -4, 3, -2], 3: X(0) = modo de maior frequência 3\n",
            "Você escolheu o teste com X(0) = modo de maior frequência\n",
            "O X(0) é:  [0.1893346573107501, 0.47497610428602555, 0.5988223982052636, 0.5325039524890145, 0.31048569031368434]\n",
            "A frequência com valor:  \n",
